0 person 220 20 60
1 bicycle 119 11 32
2 car 0 0 142
3 motorcycle 0 0 230
4 airplane 106 0 228
5 bus 0 60 100
6 train 0 80 100
7 truck 0 0 70
8 boat 0 0 192
9 traffic-light 250 170 30
10 fire-hydrant 100 170 30
12 stop-sign 220 220 0
13 parking-meter 175 116 175
14 bench 250 0 30
15 bird 165 42 42
16 cat 255 77 255
17 dog 0 226 252
18 horse 182 182 255
19 sheep 0 82 0
20 cow 120 166 157
21 elephant 110 76 0
22 bear 174 57 255
23 zebra 199 100 0
24 giraffe 72 0 118
26 backpack 255 179 240
27 umbrella 0 125 92
30 handbag 209 0 151
31 tie 188 208 182
32 suitcase 0 220 176
33 frisbee 255 99 164
34 skis 92 0 73
35 snowboard 133 129 255
36 sports-ball 78 180 255
37 kite 0 228 0
38 baseball-bat 174 255 243
39 baseball-glove 45 89 255
40 skateboard 134 134 103
41 surfboard 145 148 174
42 tennis-racket 255 208 186
43 bottle 8 46 84
45 wine-glass 171 134 1
46 cup 109 63 54
47 fork 207 138 255
48 knife 151 0 95
49 spoon 9 80 61
50 bowl 84 105 51
51 banana 74 65 105
52 apple 166 196 102
53 sandwich 208 195 210
54 orange 255 109 65
55 broccoli 0 143 149
56 carrot 179 0 194
57 hot-dog 209 99 106
58 pizza 5 121 0
59 donut 227 255 205
60 cake 147 186 208
61 chair 153 69 1
62 couch 3 95 161
63 potted-plant 163 255 0
64 bed 119 0 170
69 toilet 0 165 120
71 tv 183 130 88
72 laptop 95 32 0
73 mouse 130 114 135
74 remote 110 129 133
75 keyboard 166 74 118
76 cell-phone 219 142 185
77 microwave 79 210 114
78 oven 178 90 62
79 toaster 65 70 15
80 sink 127 167 115
81 refrigerator 59 105 106
83 book 106	90 205
84 clock 196 172 0
85 vase 95 54 80
86 scissors 128 76 255
87 teddy-bear 128 42 42
88 hair-drier 246 0 122
89 toothbrush 191 162 208
91 banner 255 255 128
92 blanket 147 211 203
94 bridge 150 100 100
99 cardboard 168 171 172
106 counter 146 112 198
108 curtain 210 170 100
109 desk 176 224 230
111 door-stuff 92 136 89
117 floor 255 235 205
118 flower 241 129 0
121 fruit 217 17 255
124 gravel 124 74 181
127 house 70 70 70
129 light 255 228 255
132 mirror-stuff 154 208 0
137 net 193 0 92
140 pillow 61 145 64
143 platform 255 180 195
144 playingfield 106 154 176
146 railroad 230 150 140
147 river 60 143 255
148 road 128 64 128
150 roof 92 82 55
153 sand 254 212 124
154 sea 73 77 174
155 shelf 255 160 98
158 snow 255 255 255
160 stairs 104 84 109
165 tent 169 164 131
167 towel 225 199 255
174 wall 135 158 223
177 water-other 58 41 149
179 window-blind 183 121 142
180 window-other 255 73 97